- input: |-
    2 3
    -3 -10 -2
    4 5 6
  output: |-
    5
- input: |-
    2 2
    -5 -7
    2 -9
  output: |-
    -5
- input: |-
    3 6
    5 -1 -4 -9 -7 7
    9 2 7 1 -3 5
    -2 -1 -1 2 8 -4
  output: |-
    7
- input: |-
    2 3
    2 3 -10
    -1 4 6
  output: |-
    4
- input: |-
    2 4
    -4 4 2 -8
    -3 9 3 -2
  output: |-
    3
- input: |-
    2 5
    6 -6 1 -8 8
    4 -4 -9 -7 -10
  output: |-
    1
- input: |-
    4 2
    -4 -8
    0 6
    9 -4
    -8 10
  output: |-
    0
- input: |-
    3 4
    0 5 4 -8
    -4 -3 -2 0
    -1 -6 1 -9
  output: |-
    1
- input: |-
    5 3
    5 -7 -1
    -1 10 -8
    0 -10 8
    -8 -3 2
    4 -3 -2
  output: |-
    -10
- input: |-
    4 3
    -4 8 -9
    -7 -10 4
    -1 4 -5
    8 -8 1
  output: |-
    4
- input: |-
    4 6
    2 -6 10 9 -2 -6
    -1 -3 8 4 2 9
    1 7 -8 -7 -2 -10
    -9 9 4 3 7 9
  output: |-
    4
- input: |-
    6 2
    0 -5
    -9 -2
    -9 -2
    -9 8
    10 -4
    -6 4
  output: |-
    -2
- input: |-
    2 4
    -1 -7 1 8
    -6 5 -5 -2
  output: |-
    -5
- input: |-
    4 6
    6 -4 -9 8 5 4
    -3 2 -10 7 -7 -10
    7 -4 8 0 5 -4
    0 1 1 -6 -8 10
  output: |-
    0
- input: |-
    2 3
    -8 1 7
    8 -2 -5
  output: |-
    1
