- input: |-
    17
    39 99 20 64 13 47 11 48 81 45 89 1 75 52 77 62 84
  output: |-
    -282
- input: |-
    16
    100 77 65 3 83 33 82 48 72 65 55 13 6 7 30 26
  output: |-
    -278
- input: |-
    10
    100 27 24 60 7 54 32 75 52 85
  output: |-
    -177
- input: |-
    9
    28 39 76 100 66 50 33 28 96
  output: |-
    -190
- input: |-
    9
    41 24 78 17 41 70 47 91 38
  output: |-
    -142
- input: |-
    4
    48 95 85 59
  output: |-
    -58
- input: |-
    13
    58 10 82 41 30 3 64 35 69 93 59 90 60
  output: |-
    -266
- input: |-
    20
    15 84 40 20 63 17 22 97 54 83 41 92 3 54 21 87 23 49 53 31
  output: |-
    -328
- input: |-
    13
    73 63 99 13 12 51 67 32 28 70 84 39 32
  output: |-
    -250
- input: |-
    17
    82 29 87 66 69 43 56 83 100 31 18 64 25 96 99 8 70
  output: |-
    -317
- input: |-
    5
    62 70 83 99 34
  output: |-
    -116
- input: |-
    4
    12 27 42 72
  output: |-
    -81
- input: |-
    10
    37 73 56 95 67 46 17 40 80 79
  output: |-
    -226
- input: |-
    8
    14 92 81 61 10 19 96 24
  output: |-
    -109
- input: |-
    19
    55 60 17 47 34 85 5 98 22 88 14 15 76 42 88 51 12 26 74
  output: |-
    -310
- input: |-
    14
    48 45 60 76 67 62 36 4 33 84 66 98 92 37
  output: |-
    -284
- input: |-
    7
    92 23 88 34 1 17 25
  output: |-
    -73
- input: |-
    12
    66 91 3 50 78 50 57 70 29 73 89 17
  output: |-
    -258
- input: |-
    4
    97 80 19 16
  output: |-
    -115
- input: |-
    5
    40 19 99 9 76
  output: |-
    -82
